126
176
177
196
239
240
244
261
263
325
356
379
460
650
807
875
887
994
1001
1032
1068
1136
1183
2214
2345
2758
2879
3776
3893
5541
5780
5960
5961
6050
6054
6106
6140
6184
6213
6276
6287
6374
6549
6560
6584
6590
6753
6943
6997
6998
7119
7122
7136
7144
7147
7150
7151
7194
7288
7335
7341
7360
7410
7500
7519
7583
7635
7654
7695
7720
7731
7762
7765
7795
7803
7824
7915
7916
7967
7969
7983
7991
7997
8007
8030
8042
8063
8077
8082
8091
8093
8103
8118
8122
8125
8129
8174
8184
8186
8193
8363
8375
8635
8658
8697
8723
8797
8857
8892
8908
8914
8918
9016
9256
9261
9589
10285
10364
10400
10430
10748
10797
10882
10895
10925
11086
11428
11525
11527
11529
11569
11583
11902
12097
12178
12180
12297
12327
12506
12580
12587
12741
12810
13561
14104
14257
14491
14514
15037
15510
15717
16255
16324
17121
17525
18554
18635
18827
19310
21057
21648
23235
23642
24197
24513
24834
26331
31209
31225
31234
31244
31246
31249
31252
31260
31265
31268
31272
31404
36822
60999
61005
61048
61052
61130
61138
61192
61199
61204
61209
61229
61293
61325
61337
61386
61527
61659
61670
61809
61945
62087
62144
62374
62375
62444
62580
62725
62835
62900
62902
69963
82227
85522
88454
92979
93375
98330
101010
101604
104721
145742
159055
165675
170833
220674
246728
439570
440967
444539
444972
520191
520296
521238
526618
556940
565690
595928
637566
637776
637796
638014
641423
643820
1549026
1551246
3578033
5273467
5280450
5315892
5362798
5363491
5364729
5365049
5366244
5367706
5368076
6429333
6999977