49.8125	48.7111111111	0.644444444444	23.2888888889	6.37777777778	0.288888888889	1.64444444444	3.73333333333	4.08888888889	7.66666666667	1.62222222222	2.91111111111	0.933333333333	8.48888888889	1.53333333333	1.84444444444	5.08888888889	1.28888888889	1.37777777778	9.46666666667	14.5555555556
11.5510204082	48.4615384615	2.53846153846	6.69230769231	1.23076923077	0.0	7.19230769231	8.23076923077	5.76923076923	15.3076923077	3.84615384615	3.5	4.23076923077	6.76923076923	7.15384615385	3.61538461538	3.03846153846	1.80769230769	1.96153846154	4.11538461538	3.38461538462
33.2653061224	45.3157894737	8.42105263158	20.0789473684	1.76315789474	0.0	0.631578947368	2.5	7.0	10.4473684211	0.921052631579	4.44736842105	4.52631578947	3.42105263158	1.94736842105	3.78947368421	3.26315789474	1.02631578947	4.0	2.18421052632	18.7894736842
22.1836734694	53.21875	1.75	18.3125	1.3125	0.0	1.90625	6.15625	5.5625	6.21875	3.6875	3.21875	9.4375	6.78125	6.09375	2.78125	6.90625	1.1875	2.21875	9.625	7.75
28.2040816327	51.3513513514	0.675675675676	8.56756756757	2.35135135135	1.0	2.35135135135	2.72972972973	7.18918918919	7.2972972973	3.48648648649	3.89189189189	3.91891891892	5.24324324324	0.540540540541	0.189189189189	3.32432432432	4.89189189189	6.86486486486	5.78378378378	10.4864864865
77.4897959184	61.8775510204	17.4081632653	43.2653061224	28.4897959184	0.408163265306	0.0204081632653	6.36734693878	5.55102040816	2.85714285714	0.448979591837	2.30612244898	6.67346938776	3.32653061224	0.0816326530612	3.08163265306	0.224489795918	0.224489795918	1.75510204082	13.5510204082	19.5918367347
71.5306122449	46.5833333333	1.0625	22.375	13.6666666667	2.33333333333	2.10416666667	6.60416666667	7.85416666667	3.3125	2.6875	10.6458333333	4.625	6.52083333333	0.895833333333	6.25	4.85416666667	1.47916666667	0.0208333333333	7.125	32.75
81.7142857143	18.2708333333	0.958333333333	0.979166666667	0.145833333333	3.77083333333	5.27083333333	6.0625	1.16666666667	23.8125	8.27083333333	10.9583333333	4.70833333333	21.3541666667	10.9583333333	13.25	15.1875	1.35416666667	1.70833333333	0.958333333333	20.3958333333
10.8571428571	41.8	2.56	8.24	1.76	0.68	5.2	4.96	2.24	18.56	1.56	2.48	4.24	8.0	4.32	3.4	2.88	0.92	4.64	3.0	5.0
63.5714285714	32.3636363636	2.52272727273	2.43181818182	0.0227272727273	4.88636363636	2.13636363636	23.6136363636	5.34090909091	5.90909090909	6.20454545455	15.3409090909	5.0	7.63636363636	4.59090909091	9.25	7.20454545455	2.90909090909	4.31818181818	1.75	16.0454545455
56.5510204082	54.6170212766	1.46808510638	23.5531914894	12.6595744681	0.0212765957447	1.97872340426	4.36170212766	9.6170212766	5.27659574468	0.404255319149	8.70212765957	4.21276595745	2.06382978723	0.553191489362	6.40425531915	4.02127659574	0.0212765957447	0.531914893617	3.65957446809	24.4042553191
60.1020408163	26.6976744186	0.046511627907	0.046511627907	2.55813953488	0.744186046512	3.6976744186	1.32558139535	2.39534883721	11.3023255814	8.16279069767	6.37209302326	4.51162790698	16.8372093023	6.04651162791	3.67441860465	8.41860465116	4.0	0.604651162791	0.046511627907	25.1162790698
62.6020408163	38.8172043011	4.01075268817	10.3010752688	0.817204301075	2.16129032258	1.69892473118	7.06451612903	5.33333333333	5.32258064516	8.41935483871	5.58064516129	4.88172043011	6.50537634409	2.4623655914	2.60215053763	4.01075268817	2.18279569892	4.0752688172	6.79569892473	21.064516129
78.9183673469	26.2708333333	1.41666666667	2.79166666667	2.3125	0.0208333333333	3.02083333333	7.77083333333	5.5	27.5833333333	5.5	10.7291666667	6.45833333333	14.2083333333	9.27083333333	12.7083333333	4.08333333333	2.95833333333	2.04166666667	0.1875	26.6458333333
72.3469387755	15.0212765957	0.0212765957447	0.0212765957447	0.0212765957447	1.95744680851	3.65957446809	5.91489361702	8.44680851064	14.2127659574	7.91489361702	19.829787234	4.08510638298	10.8936170213	8.53191489362	15.6170212766	14.3829787234	0.446808510638	0.510638297872	0.0212765957447	30.1914893617
21.5918367347	47.9705882353	5.08823529412	9.38235294118	0.882352941176	0.0	3.02941176471	6.79411764706	2.0	9.64705882353	4.58823529412	13.4411764706	4.17647058824	4.08823529412	4.26470588235	6.5	2.91176470588	4.58823529412	0.647058823529	1.94117647059	17.0882352941
20.0408163265	39.1379310345	0.344827586207	5.27586206897	0.655172413793	3.27586206897	7.41379310345	9.03448275862	4.48275862069	7.72413793103	6.51724137931	9.24137931034	6.96551724138	11.3793103448	9.48275862069	3.51724137931	5.41379310345	5.62068965517	2.75862068966	5.86206896552	10.0344827586
64.693877551	42.6304347826	5.51086956522	15.7173913043	2.91304347826	1.0652173913	2.44565217391	4.32608695652	3.0	7.08695652174	15.0760869565	2.64130434783	9.11956521739	10.9673913043	2.6847826087	3.70652173913	2.76086956522	2.55434782609	0.728260869565	4.98913043478	8.88043478261
62.7346938776	28.4255319149	0.0425531914894	3.48936170213	1.40425531915	22.8723404255	4.65957446809	3.23404255319	2.70212765957	19.3829787234	4.87234042553	6.51063829787	7.51063829787	14.8085106383	9.48936170213	6.97872340426	11.6808510638	3.48936170213	3.17021276596	8.08510638298	14.829787234
20.9591836735	39.2222222222	1.37037037037	4.81481481481	2.46296296296	1.09259259259	4.38888888889	4.96296296296	2.64814814815	22.5555555556	2.68518518519	5.05555555556	4.35185185185	12.7592592593	5.27777777778	2.0	1.72222222222	1.48148148148	1.03703703704	2.01851851852	13.4259259259
49.7142857143	35.0444444444	2.44444444444	8.11111111111	4.93333333333	6.8	4.86666666667	10.4	4.26666666667	14.3111111111	0.422222222222	2.8	2.8	7.11111111111	7.2	2.95555555556	17.3777777778	1.57777777778	5.6	1.66666666667	6.06666666667
71.5714285714	30.8541666667	5.95833333333	2.02083333333	0.0	4.5	13.2083333333	9.875	1.64583333333	7.27083333333	9.91666666667	4.0625	10.7291666667	7.83333333333	3.77083333333	10.1458333333	7.10416666667	4.14583333333	4.1875	0.8125	7.41666666667
70.0408163265	85.5531914894	47.4680851064	68.1276595745	7.42553191489	0.0212765957447	0.0212765957447	13.0	0.893617021277	0.659574468085	1.48936170213	0.0212765957447	19.7021276596	0.510638297872	0.0212765957447	0.0212765957447	0.0212765957447	1.34042553191	0.617021276596	5.8085106383	1.59574468085
62.1836734694	45.829787234	4.97872340426	10.914893617	4.31914893617	0.255319148936	3.27659574468	10.4255319149	2.29787234043	9.51063829787	13.170212766	3.70212765957	10.9787234043	7.70212765957	0.63829787234	2.65957446809	3.63829787234	5.6170212766	4.21276595745	3.95744680851	14.6808510638
47.7142857143	48.2666666667	0.0222222222222	14.1777777778	5.15555555556	2.42222222222	1.06666666667	3.22222222222	7.2	6.37777777778	2.77777777778	2.02222222222	5.88888888889	9.86666666667	2.22222222222	4.8	1.77777777778	1.71111111111	0.0222222222222	15.6888888889	19.7333333333
68.5510204082	61.0	2.8085106383	12.829787234	4.65957446809	0.0212765957447	0.553191489362	6.08510638298	13.8085106383	3.40425531915	1.57446808511	6.78723404255	8.36170212766	3.40425531915	1.23404255319	4.53191489362	2.02127659574	0.0212765957447	5.87234042553	13.3617021277	30.3829787234
79.2653061224	33.0833333333	0.583333333333	4.41666666667	2.125	0.729166666667	0.770833333333	4.8125	8.64583333333	6.625	10.6458333333	9.77083333333	7.83333333333	15.75	5.3125	13.2708333333	10.8541666667	2.47916666667	1.10416666667	2.375	31.25
3.55102040816	41.7647058824	5.29411764706	1.52941176471	0.0	0.764705882353	4.70588235294	7.41176470588	5.11764705882	6.23529411765	5.35294117647	9.94117647059	6.70588235294	10.5294117647	4.82352941176	2.35294117647	3.17647058824	4.52941176471	2.70588235294	0.0	13.2352941176
67.5408163265	29.4456521739	0.0108695652174	2.1847826087	0.228260869565	0.304347826087	3.09782608696	2.91304347826	4.07608695652	13.6413043478	10.152173913	10.9673913043	7.01086956522	14.4456521739	7.45652173913	8.59782608696	3.38043478261	7.4347826087	1.3152173913	2.60869565217	28.6086956522
48.0816326531	34.1219512195	3.56097560976	4.34146341463	1.9756097561	2.0243902439	3.14634146341	6.78048780488	1.56097560976	31.2926829268	4.43902439024	14.0243902439	5.65853658537	5.87804878049	4.41463414634	3.80487804878	0.317073170732	0.634146341463	0.268292682927	0.414634146341	8.17073170732
70.8163265306	28.5531914894	4.12765957447	3.21276595745	1.02127659574	7.04255319149	11.6170212766	7.17021276596	1.02127659574	11.6808510638	24.2127659574	5.76595744681	6.23404255319	12.8085106383	7.85106382979	7.55319148936	18.0	2.78723404255	2.55319148936	2.74468085106	8.12765957447
60.4693877551	32.7446808511	6.36170212766	4.51063829787	0.63829787234	0.893617021277	2.23404255319	7.74468085106	9.31914893617	10.0425531915	6.59574468085	9.68085106383	1.68085106383	10.3829787234	7.27659574468	9.08510638298	10.8723404255	3.36170212766	0.468085106383	0.191489361702	16.8723404255
11.1836734694	47.9473684211	4.89473684211	9.94736842105	0.631578947368	2.0	1.73684210526	11.5789473684	2.84210526316	8.21052631579	2.78947368421	4.36842105263	0.631578947368	6.78947368421	5.15789473684	0.0	3.10526315789	6.84210526316	9.68421052632	3.52631578947	6.26315789474
65.3673469388	22.8043478261	0.695652173913	0.826086956522	0.173913043478	4.97826086957	5.17391304348	1.10869565217	2.9347826087	24.847826087	3.21739130435	8.28260869565	5.82608695652	20.4130434783	14.2826086957	7.21739130435	14.7391304348	5.34782608696	3.80434782609	2.9347826087	9.04347826087
72.8571428571	51.3469387755	0.265306122449	18.6326530612	5.24489795918	0.0204081632653	0.265306122449	6.48979591837	1.26530612245	5.36734693878	3.16326530612	5.71428571429	7.51020408163	10.6326530612	5.38775510204	6.30612244898	4.08163265306	4.0612244898	7.91836734694	30.4081632653	14.7142857143
70.2244897959	22.1041666667	3.25	5.125	2.02083333333	1.6875	3.14583333333	5.4375	0.833333333333	22.875	3.70833333333	6.1875	10.0208333333	18.0416666667	20.5208333333	7.83333333333	21.3125	4.54166666667	1.8125	1.3125	10.625
21.693877551	39.5161290323	3.70967741935	8.25806451613	3.22580645161	1.64516129032	4.96774193548	5.32258064516	4.32258064516	16.3548387097	2.35483870968	2.45161290323	5.58064516129	16.3548387097	7.38709677419	6.83870967742	3.45161290323	1.90322580645	7.32258064516	2.83870967742	10.3870967742
78.9591836735	21.3673469388	0.204081632653	0.102040816327	1.32653061224	2.81632653061	0.816326530612	4.28571428571	5.12244897959	16.1224489796	7.30612244898	7.12244897959	6.83673469388	17.2653061224	7.81632653061	10.7755102041	12.4693877551	6.65306122449	1.85714285714	0.163265306122	24.6530612245
27.5510204082	60.7647058824	13.2352941176	29.7352941176	2.17647058824	0.0	2.61764705882	7.44117647059	2.5	0.470588235294	9.35294117647	3.38235294118	10.0882352941	5.17647058824	0.0	0.0882352941176	0.0	6.32352941176	1.94117647059	9.55882352941	3.0
47.612244898	25.1142857143	0.0285714285714	2.88571428571	1.28571428571	1.85714285714	2.28571428571	5.71428571429	6.8	18.2571428571	3.94285714286	7.4	1.77142857143	22.6285714286	18.3428571429	14.1714285714	12.7142857143	4.4	2.2	0.228571428571	7.45714285714
35.2448979592	37.3947368421	5.39473684211	7.34210526316	0.0526315789474	0.736842105263	3.73684210526	3.65789473684	4.55263157895	1.73684210526	6.42105263158	1.23684210526	9.68421052632	13.1842105263	10.9473684211	4.31578947368	2.65789473684	4.65789473684	3.65789473684	3.44736842105	6.73684210526
84.2653061224	31.5306122449	0.122448979592	2.77551020408	2.04081632653	3.02040816327	1.16326530612	3.83673469388	4.51020408163	9.73469387755	5.44897959184	16.5714285714	5.55102040816	8.83673469388	2.24489795918	13.1836734694	3.26530612245	2.48979591837	0.408163265306	3.81632653061	45.9387755102
58.693877551	73.0666666667	3.84444444444	31.8444444444	17.9777777778	0.955555555556	2.6	6.93333333333	6.35555555556	3.77777777778	1.73333333333	1.48888888889	9.57777777778	1.95555555556	0.711111111111	2.37777777778	0.222222222222	1.26666666667	3.46666666667	23.8444444444	10.4222222222
28.1632653061	36.5666666667	3.93333333333	7.2	1.86666666667	0.0	1.26666666667	5.03333333333	5.63333333333	4.6	3.83333333333	10.4666666667	4.93333333333	10.6	12.4	2.8	0.9	0.566666666667	1.8	0.666666666667	19.2333333333
60.1836734694	25.8444444444	0.0	1.31111111111	0.377777777778	0.2	5.42222222222	6.04444444444	4.02222222222	18.2444444444	1.46666666667	12.4	2.84444444444	7.77777777778	9.46666666667	7.57777777778	5.73333333333	3.08888888889	0.444444444444	0.0888888888889	28.2444444444
46.2040816327	24.925	1.525	5.65	4.775	0.7	2.175	4.975	1.225	16.875	3.475	2.425	7.325	15.975	12.075	5.775	13.475	2.725	0.0	2.7	6.15
13.2857142857	57.8181818182	6.40909090909	15.5454545455	1.59090909091	0.0	2.18181818182	0.409090909091	3.63636363636	12.3181818182	1.36363636364	4.0	6.18181818182	10.8636363636	1.22727272727	0.0	0.318181818182	3.04545454545	0.409090909091	8.09090909091	7.72727272727
82.3469387755	29.25	0.0416666666667	2.27083333333	0.166666666667	0.916666666667	2.45833333333	12.6458333333	5.875	7.0	14.6458333333	15.4166666667	2.72916666667	2.9375	2.75	12.2291666667	2.85416666667	3.6875	0.0416666666667	0.0416666666667	56.0625
84.0612244898	30.2653061224	2.0	10.1836734694	4.12244897959	0.0204081632653	0.0816326530612	2.77551020408	8.10204081633	4.95918367347	10.0816326531	15.3469387755	7.28571428571	11.1224489796	0.448979591837	12.9183673469	2.44897959184	3.14285714286	1.34693877551	5.71428571429	52.6326530612
75.1836734694	29.6595744681	0.0212765957447	4.10638297872	3.34042553191	0.0212765957447	0.872340425532	4.85106382979	10.1489361702	4.55319148936	16.085106383	16.8723404255	8.04255319149	2.27659574468	1.6170212766	10.8936170213	1.23404255319	5.29787234043	0.0212765957447	1.53191489362	35.9574468085
80.6734693878	57.9166666667	2.35416666667	25.4375	5.52083333333	0.145833333333	0.166666666667	4.8125	5.10416666667	2.3125	0.333333333333	8.0	11.0625	2.58333333333	0.166666666667	13.1041666667	2.3125	1.41666666667	2.95833333333	17.9583333333	32.1875
78.2448979592	52.3469387755	2.22448979592	21.612244898	7.10204081633	0.510204081633	0.0204081632653	5.81632653061	11.0	4.04081632653	3.0	6.79591836735	6.40816326531	2.20408163265	1.04081632653	8.95918367347	1.28571428571	0.0	2.79591836735	11.8775510204	29.2857142857
48.4693877551	64.6739130435	18.4782608696	34.3695652174	5.73913043478	0.782608695652	1.17391304348	25.9130434783	1.15217391304	3.41304347826	5.02173913043	1.97826086957	10.5434782609	0.326086956522	0.804347826087	0.108695652174	1.19565217391	3.9347826087	3.23913043478	7.91304347826	7.5652173913
59.0204081633	39.1847826087	1.53260869565	3.94565217391	1.5	8.23913043478	5.05434782609	8.40217391304	5.58695652174	4.59782608696	17.6956521739	5.36956521739	9.11956521739	11.5652173913	1.72826086957	2.9347826087	3.19565217391	10.0652173913	1.78260869565	1.82608695652	17.2065217391
26.1224489796	54.5833333333	1.41666666667	9.52777777778	4.97222222222	2.47222222222	1.36111111111	3.52777777778	9.25	4.02777777778	5.91666666667	5.16666666667	3.44444444444	3.22222222222	0.722222222222	0.25	1.66666666667	1.16666666667	2.22222222222	4.52777777778	26.5833333333
16.0408163265	45.4782608696	4.52173913043	12.7826086957	7.13043478261	0.95652173913	1.0	7.21739130435	3.34782608696	4.60869565217	4.65217391304	6.73913043478	8.65217391304	3.13043478261	2.04347826087	1.17391304348	5.17391304348	4.78260869565	1.86956521739	12.9130434783	11.0869565217
72.0408163265	39.5744680851	1.51063829787	11.9574468085	3.95744680851	0.212765957447	1.59574468085	4.51063829787	7.02127659574	5.93617021277	4.65957446809	9.27659574468	2.21276595745	11.9787234043	3.31914893617	11.4893617021	2.91489361702	4.17021276596	3.10638297872	3.85106382979	29.4893617021
27.306122449	54.6052631579	0.0	12.2631578947	0.289473684211	0.0	0.789473684211	4.13157894737	4.55263157895	3.55263157895	0.263157894737	3.86842105263	2.89473684211	4.07894736842	0.394736842105	1.89473684211	0.0	1.5	2.21052631579	25.7631578947	11.0526315789
45.4285714286	43.5526315789	0.0263157894737	4.18421052632	1.92105263158	0.0263157894737	0.0263157894737	3.73684210526	1.42105263158	7.57894736842	2.31578947368	9.97368421053	0.631578947368	3.47368421053	0.868421052632	8.44736842105	0.973684210526	2.65789473684	1.28947368421	3.18421052632	43.9473684211
72.7755102041	29.2083333333	2.64583333333	2.33333333333	1.47916666667	6.72916666667	10.9583333333	7.89583333333	5.29166666667	15.0625	6.47916666667	10.4166666667	2.97916666667	10.8541666667	5.27083333333	4.08333333333	2.20833333333	5.02083333333	6.47916666667	1.27083333333	18.125
19.4897959184	50.3225806452	3.67741935484	12.8709677419	8.45161290323	0.0322580645161	0.0322580645161	2.06451612903	1.0	12.3548387097	4.38709677419	6.61290322581	3.35483870968	10.3870967742	7.61290322581	2.06451612903	1.48387096774	1.87096774194	4.48387096774	8.74193548387	12.1290322581
19.4693877551	39.8333333333	3.73333333333	9.06666666667	0.666666666667	0.333333333333	3.43333333333	5.3	3.8	6.43333333333	2.66666666667	8.86666666667	3.26666666667	2.33333333333	1.66666666667	4.4	4.0	3.86666666667	3.93333333333	4.83333333333	13.5666666667
80.9183673469	52.1224489796	1.28571428571	21.3469387755	9.08163265306	0.0408163265306	1.42857142857	5.97959183673	7.32653061224	3.44897959184	4.55102040816	11.5102040816	4.91836734694	3.95918367347	0.489795918367	9.16326530612	1.38775510204	1.44897959184	1.73469387755	15.7142857143	34.7551020408
77.3673469388	37.0816326531	1.14285714286	2.69387755102	0.0204081632653	0.0204081632653	0.0204081632653	5.0	6.79591836735	4.51020408163	6.04081632653	9.36734693878	6.20408163265	5.30612244898	0.30612244898	10.8367346939	4.08163265306	2.91836734694	0.897959183673	2.73469387755	53.1020408163
74.3469387755	29.75	0.0833333333333	2.89583333333	1.08333333333	1.54166666667	1.58333333333	2.97916666667	4.58333333333	7.375	9.5625	15.1875	5.20833333333	8.27083333333	3.16666666667	14.8541666667	5.0625	7.375	2.1875	2.10416666667	46.75
53.5306122449	50.7234042553	2.72340425532	7.68085106383	2.74468085106	0.489361702128	1.89361702128	6.70212765957	7.25531914894	4.29787234043	2.14893617021	12.2978723404	3.12765957447	1.6170212766	0.957446808511	6.06382978723	1.93617021277	3.85106382979	2.82978723404	4.0	25.0
40.0816326531	42.2790697674	1.72093023256	6.93023255814	2.20930232558	1.37209302326	1.55813953488	4.55813953488	1.16279069767	5.44186046512	7.55813953488	6.46511627907	7.95348837209	9.04651162791	2.6511627907	2.95348837209	1.06976744186	4.55813953488	3.25581395349	4.13953488372	20.6744186047
61.4285714286	53.2653061224	0.0612244897959	18.5306122449	4.22448979592	0.0204081632653	1.71428571429	3.61224489796	6.83673469388	6.57142857143	2.89795918367	4.20408163265	4.24489795918	3.40816326531	2.36734693878	3.59183673469	1.73469387755	0.367346938776	3.28571428571	25.1224489796	15.0204081633
53.9183673469	71.6046511628	6.6511627907	39.1627906977	12.7674418605	0.0232558139535	0.46511627907	6.11627906977	3.93023255814	6.20930232558	1.41860465116	1.60465116279	6.3488372093	3.09302325581	0.0232558139535	0.0232558139535	2.0	0.0232558139535	2.13953488372	19.7209302326	11.1627906977
78.8775510204	19.875	0.0208333333333	3.83333333333	1.95833333333	2.25	6.33333333333	4.75	5.25	22.4375	12.0833333333	7.77083333333	3.97916666667	19.7708333333	12.7083333333	6.52083333333	10.375	0.583333333333	2.77083333333	1.25	21.1875
68.8163265306	46.4893617021	1.1914893617	13.1276595745	3.04255319149	0.382978723404	0.36170212766	6.6170212766	7.55319148936	9.25531914894	3.1914893617	6.55319148936	3.08510638298	7.55319148936	1.44680851064	4.57446808511	4.08510638298	1.97872340426	3.72340425532	12.7234042553	15.0425531915
78.4285714286	60.1224489796	8.0612244898	51.5102040816	30.4285714286	0.0204081632653	0.0204081632653	2.57142857143	4.89795918367	10.693877551	1.48979591837	2.36734693878	7.02040816327	1.77551020408	2.5306122449	0.673469387755	4.5306122449	0.510204081633	0.367346938776	9.30612244898	10.5714285714
34.5918367347	42.1351351351	3.75675675676	7.35135135135	2.10810810811	0.918918918919	1.75675675676	3.86486486486	4.91891891892	2.83783783784	5.64864864865	7.24324324324	5.40540540541	6.75675675676	1.59459459459	3.94594594595	0.891891891892	2.16216216216	4.78378378378	3.45945945946	27.0
59.306122449	51.8222222222	4.17777777778	33.1777777778	18.7777777778	1.15555555556	0.355555555556	6.57777777778	3.8	6.48888888889	2.22222222222	2.91111111111	4.64444444444	6.11111111111	1.88888888889	3.31111111111	1.82222222222	1.37777777778	0.511111111111	10.0666666667	10.3333333333
68.306122449	47.2340425532	0.106382978723	17.9361702128	4.65957446809	0.489361702128	1.12765957447	2.51063829787	11.3404255319	3.31914893617	3.14893617021	12.6595744681	6.97872340426	2.55319148936	2.29787234043	5.0	3.17021276596	1.06382978723	1.70212765957	6.02127659574	41.6382978723
66.8163265306	58.5208333333	1.04166666667	38.75	23.0	0.625	0.666666666667	4.83333333333	2.39583333333	14.0	0.3125	4.85416666667	5.375	3.02083333333	1.25	5.10416666667	3.47916666667	0.145833333333	2.89583333333	9.6875	11.0208333333
22.3163265306	43.4406779661	1.15254237288	9.79661016949	2.84745762712	0.0	2.06779661017	6.66101694915	7.22033898305	6.45762711864	2.18644067797	8.4406779661	3.72881355932	4.23728813559	1.20338983051	2.89830508475	1.83050847458	0.864406779661	2.35593220339	7.71186440678	31.0677966102
15.3469387755	48.6296296296	4.74074074074	13.4074074074	6.03703703704	1.33333333333	5.85185185185	7.14814814815	3.03703703704	14.6296296296	1.66666666667	0.518518518519	4.74074074074	8.18518518519	1.92592592593	0.037037037037	2.81481481481	1.14814814815	2.22222222222	3.07407407407	2.66666666667
66.9081632653	41.4791666667	0.270833333333	9.78125	2.69791666667	0.03125	0.0208333333333	3.69791666667	10.6666666667	3.17708333333	3.29166666667	16.4583333333	2.75	1.92708333333	2.57291666667	11.6979166667	2.53125	1.25	0.333333333333	2.51041666667	44.1979166667
42.0204081633	26.0882352941	4.35294117647	1.38235294118	1.26470588235	9.0	12.8235294118	14.9411764706	0.0	9.52941176471	8.76470588235	4.02941176471	10.3529411765	11.6764705882	5.29411764706	6.23529411765	7.47058823529	0.0294117647059	0.0	1.55882352941	10.3823529412
58.6326530612	36.2244897959	3.04081632653	21.1632653061	16.6734693878	1.61224489796	2.10204081633	2.75510204082	4.83673469388	14.8571428571	2.36734693878	2.38775510204	5.63265306122	10.0816326531	4.81632653061	4.75510204082	11.4285714286	0.0204081632653	0.224489795918	4.87755102041	13.387755102
36.1224489796	24.8157894737	0.763157894737	5.68421052632	2.57894736842	5.18421052632	3.55263157895	2.78947368421	3.36842105263	17.3947368421	4.07894736842	5.60526315789	3.15789473684	22.0789473684	15.7631578947	5.15789473684	13.7105263158	2.21052631579	0.0263157894737	0.605263157895	11.4210526316
33.9183673469	42.5897435897	0.0	5.82051282051	1.28205128205	0.179487179487	0.153846153846	3.12820512821	3.07692307692	8.28205128205	0.307692307692	9.82051282051	2.66666666667	2.97435897436	1.02564102564	11.8205128205	2.46153846154	0.0	1.74358974359	6.48717948718	29.6666666667
6.40816326531	53.380952381	4.71428571429	14.9047619048	3.52380952381	1.38095238095	3.95238095238	7.57142857143	3.52380952381	3.0	0.190476190476	4.2380952381	4.09523809524	6.28571428571	2.57142857143	6.2380952381	0.047619047619	8.90476190476	0.0	8.33333333333	8.28571428571
38.6326530612	30.3823529412	1.67647058824	0.323529411765	0.0147058823529	6.41176470588	21.2058823529	12.5882352941	2.0	11.1470588235	5.51470588235	3.66176470588	4.11764705882	10.2058823529	5.89705882353	4.38235294118	12.7941176471	2.89705882353	3.11764705882	0.0735294117647	3.64705882353
12.6530612245	46.1851851852	1.22222222222	2.0	1.33333333333	0.0	1.92592592593	3.03703703704	7.33333333333	5.22222222222	3.92592592593	3.55555555556	7.7037037037	5.96296296296	4.77777777778	3.7037037037	2.62962962963	1.74074074074	1.37037037037	4.03703703704	18.9259259259
29.0612244898	42.3125	1.71875	13.59375	1.0625	3.75	6.46875	10.96875	0.4375	18.46875	2.59375	3.59375	6.1875	13.8125	9.59375	5.65625	5.75	1.28125	3.375	6.25	9.09375
85.7346938776	20.6530612245	1.24489795918	0.0204081632653	0.0204081632653	14.9183673469	29.2653061224	14.8163265306	1.9387755102	12.7551020408	3.55102040816	4.87755102041	5.30612244898	18.0816326531	9.77551020408	8.9387755102	18.387755102	1.26530612245	0.142857142857	1.14285714286	12.0408163265
73.2244897959	13.8085106383	0.595744680851	0.531914893617	0.446808510638	18.4042553191	2.25531914894	0.702127659574	6.63829787234	14.2765957447	5.1914893617	9.10638297872	2.97872340426	17.4042553191	15.0638297872	18.7234042553	18.8085106383	1.63829787234	1.82978723404	1.63829787234	19.5957446809
38.0	72.025	3.75	36.375	23.15	0.1	0.175	4.2	2.675	7.6	0.05	3.975	8.525	0.675	0.05	1.55	0.05	0.05	2.55	9.8	14.45
64.1020408163	52.6458333333	0.5625	26.6666666667	13.875	0.9375	2.10416666667	6.125	4.25	9.33333333333	1.85416666667	3.27083333333	6.08333333333	2.14583333333	1.22916666667	4.20833333333	4.02083333333	3.1875	0.0208333333333	4.3125	16.5833333333
50.5306122449	60.15	2.45	15.675	4.2	0.2	1.35	8.05	6.15	7.8	5.45	3.325	3.1	8.175	2.7	9.4	6.725	4.525	12.425	9.925	14.9
17.0612244898	43.59375	0.6875	4.15625	1.1875	2.9375	3.09375	0.75	3.53125	7.125	2.03125	5.75	4.40625	9.09375	6.3125	5.65625	11.25	7.8125	3.0	8.6875	12.28125
35.7142857143	45.5789473684	7.47368421053	11.8684210526	0.526315789474	2.13157894737	3.02631578947	2.97368421053	0.0789473684211	5.0	15.5	0.368421052632	12.8947368421	5.31578947368	1.42105263158	0.0263157894737	1.34210526316	6.0	2.28947368421	0.342105263158	7.65789473684
28.7551020408	39.4722222222	2.0	3.44444444444	0.805555555556	1.69444444444	4.52777777778	7.0	6.63888888889	16.0833333333	4.33333333333	6.41666666667	0.916666666667	8.08333333333	4.97222222222	5.44444444444	4.86111111111	3.38888888889	5.36111111111	2.47222222222	15.3888888889
65.0816326531	50.3085106383	0.489361702128	17.0106382979	6.42553191489	0.382978723404	1.45744680851	2.82978723404	7.32978723404	6.23404255319	3.12765957447	9.44680851064	4.34042553191	3.42553191489	1.59574468085	9.17021276596	2.6914893617	2.0	7.86170212766	13.2872340426	24.0319148936
62.3673469388	39.8510638298	0.0425531914894	10.5531914894	1.8085106383	0.0425531914894	1.89361702128	1.63829787234	6.8085106383	5.44680851064	0.744680851064	12.6595744681	2.12765957447	6.21276595745	1.74468085106	12.8723404255	2.3829787234	2.34042553191	2.34042553191	4.74468085106	36.1489361702
72.387755102	41.5957446809	0.0212765957447	7.48936170213	5.68085106383	0.0212765957447	0.0425531914894	1.1914893617	10.8723404255	3.59574468085	2.78723404255	13.9787234043	3.93617021277	3.65957446809	4.78723404255	10.3191489362	2.29787234043	1.12765957447	4.36170212766	5.46808510638	43.4255319149
61.0816326531	37.0909090909	0.0	6.18181818182	4.43181818182	0.204545454545	1.43181818182	3.09090909091	8.22727272727	7.88636363636	5.79545454545	8.15909090909	5.59090909091	4.61363636364	6.77272727273	8.38636363636	5.06818181818	5.72727272727	2.40909090909	5.11363636364	27.9772727273
55.2448979592	37.2380952381	0.0238095238095	7.61904761905	3.42857142857	0.857142857143	1.64285714286	4.95238095238	7.14285714286	4.71428571429	3.92857142857	9.83333333333	5.33333333333	7.45238095238	4.11904761905	10.9523809524	2.19047619048	5.11904761905	6.52380952381	7.11904761905	25.6904761905
32.3673469388	57.4545454545	0.030303030303	9.18181818182	0.0606060606061	1.12121212121	3.0303030303	6.60606060606	1.81818181818	9.54545454545	1.93939393939	3.15151515152	1.24242424242	7.0303030303	2.33333333333	5.57575757576	0.848484848485	2.09090909091	10.1818181818	13.3939393939	9.60606060606
81.306122449	29.4693877551	1.14285714286	8.32653061224	1.85714285714	0.0204081632653	0.571428571429	5.95918367347	5.40816326531	7.75510204082	6.79591836735	12.7142857143	7.14285714286	8.4693877551	6.0612244898	7.85714285714	2.63265306122	1.32653061224	2.10204081633	2.20408163265	36.3265306122
73.7959183673	65.4166666667	1.52083333333	37.0208333333	19.875	0.0208333333333	0.0208333333333	3.16666666667	7.0625	5.45833333333	2.6875	1.91666666667	4.70833333333	2.3125	0.625	1.3125	0.625	0.541666666667	3.20833333333	18.1875	13.0416666667
69.5816326531	37.6736842105	0.652631578947	7.35789473684	1.22105263158	1.66315789474	1.89473684211	5.87368421053	4.97894736842	8.02105263158	6.82105263158	8.95789473684	6.56842105263	10.5368421053	3.08421052632	8.41052631579	7.34736842105	3.23157894737	2.35789473684	4.86315789474	24.0421052632
69.5510204082	30.1555555556	3.68888888889	4.26666666667	1.33333333333	0.0222222222222	5.24444444444	9.97777777778	4.53333333333	12.3777777778	5.95555555556	6.37777777778	3.08888888889	14.3777777778	1.84444444444	7.06666666667	4.48888888889	2.73333333333	1.24444444444	1.08888888889	28.4222222222
58.612244898	33.4352941176	1.55294117647	6.8	3.57647058824	0.0235294117647	0.482352941176	3.50588235294	7.67058823529	8.10588235294	3.51764705882	12.9529411765	5.24705882353	5.01176470588	5.76470588235	13.7882352941	4.61176470588	2.03529411765	1.87058823529	2.41176470588	36.2117647059
71.9183673469	49.0	3.40816326531	22.693877551	6.04081632653	3.10204081633	1.30612244898	13.8979591837	8.40816326531	4.26530612245	6.77551020408	6.0	3.87755102041	10.8163265306	3.08163265306	6.77551020408	6.16326530612	2.85714285714	3.18367346939	6.61224489796	8.97959183673
28.4285714286	43.7058823529	5.0	5.41176470588	0.411764705882	2.20588235294	6.55882352941	2.97058823529	2.17647058824	5.41176470588	6.94117647059	6.02941176471	1.41176470588	10.8529411765	4.5	2.73529411765	4.55882352941	2.29411764706	8.44117647059	5.52941176471	7.29411764706
84.7959183673	14.8571428571	0.122448979592	2.04081632653	0.0204081632653	2.63265306122	3.40816326531	3.42857142857	5.32653061224	23.9795918367	5.4693877551	11.5306122449	5.79591836735	23.693877551	19.3469387755	16.7142857143	19.0816326531	2.5306122449	0.469387755102	0.979591836735	20.1020408163
51.6734693878	65.6363636364	3.75	40.7045454545	28.6590909091	0.159090909091	0.272727272727	6.31818181818	6.65909090909	4.20454545455	0.818181818182	3.09090909091	7.38636363636	4.13636363636	0.0909090909091	1.15909090909	4.75	0.681818181818	4.11363636364	10.9545454545	14.3181818182
63.7346938776	35.3695652174	0.0217391304348	9.86956521739	5.0	0.0217391304348	1.63043478261	3.78260869565	7.84782608696	6.02173913043	6.69565217391	9.19565217391	3.91304347826	3.89130434783	4.60869565217	7.19565217391	4.9347826087	3.19565217391	3.84782608696	7.91304347826	28.1956521739
77.5306122449	36.5918367347	0.510204081633	10.7551020408	6.34693877551	0.0204081632653	0.775510204082	4.16326530612	8.87755102041	12.8775510204	4.16326530612	11.2244897959	0.69387755102	7.95918367347	1.91836734694	11.1020408163	7.65306122449	2.91836734694	4.0	5.22448979592	28.1836734694
11.8163265306	56.0833333333	2.54166666667	12.6666666667	0.458333333333	3.58333333333	3.83333333333	1.20833333333	5.79166666667	8.91666666667	3.75	4.08333333333	3.375	8.95833333333	3.91666666667	1.25	3.20833333333	2.70833333333	8.45833333333	7.08333333333	9.45833333333
15.0408163265	45.1034482759	3.48275862069	6.34482758621	0.724137931034	2.86206896552	5.8275862069	12.5172413793	5.79310344828	5.86206896552	6.8275862069	3.27586206897	0.48275862069	10.4827586207	4.86206896552	3.06896551724	1.27586206897	3.65517241379	5.31034482759	5.79310344828	10.6551724138
10.612244898	43.24	1.36	7.24	0.0	0.0	8.28	8.2	1.36	5.96	4.56	2.6	2.4	6.6	1.68	0.72	0.16	2.36	4.52	5.4	10.4
76.0204081633	32.6326530612	5.57142857143	5.32653061224	0.612244897959	0.0408163265306	2.67346938776	4.04081632653	0.0408163265306	4.85714285714	18.3673469388	2.57142857143	9.02040816327	11.2244897959	3.75510204082	6.97959183673	10.2653061224	10.3265306122	2.24489795918	3.83673469388	8.32653061224
24.6530612245	40.3666666667	0.0	3.8	0.0	0.666666666667	0.0	1.0	3.16666666667	5.26666666667	8.8	6.16666666667	4.86666666667	16.3333333333	1.56666666667	1.53333333333	4.96666666667	8.13333333333	2.53333333333	2.0	13.5333333333
74.8367346939	50.1020408163	5.95918367347	2.87755102041	0.0204081632653	0.183673469388	2.02040816327	33.8979591837	3.9387755102	2.18367346939	9.9387755102	6.5306122449	6.85714285714	4.30612244898	1.14285714286	4.57142857143	2.30612244898	11.612244898	2.75510204082	3.02040816327	19.8775510204
63.0612244898	38.5777777778	2.35555555556	10.5333333333	6.75555555556	0.533333333333	1.28888888889	3.51111111111	12.4	3.66666666667	4.84444444444	13.0888888889	3.08888888889	2.46666666667	0.111111111111	11.2888888889	2.4	0.866666666667	0.488888888889	3.24444444444	42.5333333333
80.387755102	13.6041666667	0.0208333333333	0.791666666667	0.1875	1.52083333333	2.89583333333	1.25	3.83333333333	32.8125	3.125	5.64583333333	8.625	33.1458333333	31.1458333333	8.83333333333	19.625	0.145833333333	1.5625	0.0208333333333	7.125
61.0816326531	59.875	8.45833333333	26.0625	6.70833333333	0.1875	0.770833333333	5.20833333333	3.16666666667	4.54166666667	3.02083333333	3.79166666667	8.375	2.8125	0.291666666667	0.708333333333	1.66666666667	1.08333333333	0.0208333333333	16.3541666667	12.1458333333
12.4693877551	51.125	6.5	11.9583333333	0.708333333333	3.79166666667	3.54166666667	4.83333333333	6.58333333333	3.08333333333	0.125	0.0	4.41666666667	6.125	8.45833333333	2.41666666667	1.625	1.45833333333	5.54166666667	1.95833333333	9.41666666667
74.6530612245	72.125	7.04166666667	58.6041666667	37.375	0.0208333333333	0.0208333333333	2.16666666667	4.02083333333	7.04166666667	0.5	2.27083333333	7.04166666667	1.27083333333	0.0208333333333	0.0416666666667	1.29166666667	0.416666666667	1.02083333333	16.7083333333	5.91666666667
50.2244897959	57.1860465116	6.44186046512	30.8837209302	12.7674418605	3.51162790698	3.67441860465	5.95348837209	2.41860465116	4.6511627907	2.23255813953	6.93023255814	5.60465116279	5.13953488372	0.232558139535	2.25581395349	1.23255813953	0.511627906977	1.0	5.23255813953	17.7906976744
88.1020408163	14.1224489796	2.67346938776	0.285714285714	0.102040816327	6.48979591837	10.0	7.65306122449	0.510204081633	14.387755102	29.4897959184	8.75510204082	6.02040816327	19.306122449	5.16326530612	7.81632653061	13.612244898	3.69387755102	1.75510204082	0.0	19.306122449
72.7142857143	57.3469387755	2.61224489796	29.306122449	12.612244898	0.0	1.65306122449	6.04081632653	4.32653061224	2.42857142857	4.55102040816	5.71428571429	9.02040816327	7.73469387755	2.38775510204	2.85714285714	2.65306122449	3.34693877551	1.32653061224	17.5306122449	23.3673469388
72.2040816327	35.4255319149	0.893617021277	3.34042553191	2.72340425532	5.91489361702	1.21276595745	1.89361702128	5.55319148936	6.44680851064	2.53191489362	16.4042553191	3.85106382979	4.06382978723	4.63829787234	16.5106382979	3.89361702128	1.17021276596	1.21276595745	3.76595744681	37.7659574468
54.8367346939	36.0454545455	0.0	3.09090909091	2.06818181818	0.272727272727	0.431818181818	3.70454545455	5.70454545455	7.52272727273	6.31818181818	9.31818181818	5.11363636364	7.59090909091	3.61363636364	12.8181818182	4.02272727273	3.95454545455	2.90909090909	8.43181818182	20.8863636364
72.5918367347	38.9795918367	0.734693877551	10.4693877551	6.85714285714	0.0204081632653	2.28571428571	9.20408163265	6.97959183673	10.9795918367	2.40816326531	9.30612244898	4.30612244898	7.0612244898	0.816326530612	9.02040816327	6.55102040816	2.91836734694	5.65306122449	3.10204081633	30.0408163265
57.7755102041	53.8260869565	6.34782608696	32.6956521739	15.1956521739	0.326086956522	2.47826086957	4.39130434783	4.82608695652	7.73913043478	2.60869565217	6.13043478261	3.5	3.73913043478	0.934782608696	2.71739130435	1.02173913043	0.195652173913	2.78260869565	8.47826086957	20.0652173913
46.6734693878	54.2173913043	7.5652173913	24.3913043478	6.58695652174	1.97826086957	1.91304347826	10.0652173913	5.28260869565	5.5652173913	5.32608695652	5.5	4.89130434783	6.0652173913	2.5	2.84782608696	2.5652173913	2.76086956522	3.84782608696	10.152173913	17.8043478261
70.9387755102	40.1875	2.33333333333	12.2916666667	5.27083333333	0.0208333333333	1.41666666667	3.39583333333	2.70833333333	6.0625	3.35416666667	15.5625	7.97916666667	1.33333333333	3.08333333333	8.04166666667	2.95833333333	3.22916666667	0.416666666667	3.35416666667	37.6875
59.4081632653	36.829787234	2.06382978723	5.85106382979	1.63829787234	2.36170212766	2.51063829787	5.76595744681	1.06382978723	14.5319148936	7.34042553191	9.08510638298	5.87234042553	14.7446808511	4.06382978723	5.25531914894	11.1063829787	4.51063829787	2.63829787234	3.48936170213	13.7446808511
45.4489795918	60.4210526316	11.8947368421	23.6842105263	19.1315789474	0.0	0.0	7.28947368421	5.31578947368	2.13157894737	2.10526315789	1.23684210526	7.39473684211	6.21052631579	0.263157894737	4.36842105263	2.36842105263	0.868421052632	1.13157894737	9.57894736842	12.6315789474
64.3775510204	34.7692307692	1.10989010989	7.27472527473	2.6043956044	1.28571428571	2.30769230769	3.9010989011	3.92307692308	6.52747252747	5.27472527473	17.0	1.13186813187	5.62637362637	1.42857142857	8.82417582418	1.7032967033	0.549450549451	0.648351648352	2.01098901099	49.043956044
76.6326530612	30.3913043478	0.978260869565	19.0	10.8913043478	2.71739130435	1.76086956522	2.39130434783	1.0	24.8043478261	3.21739130435	5.04347826087	6.13043478261	16.1304347826	6.95652173913	2.97826086957	14.2826086957	0.978260869565	0.326086956522	8.28260869565	11.8695652174
70.5714285714	41.0833333333	0.0833333333333	8.375	0.3125	0.145833333333	0.145833333333	3.41666666667	7.85416666667	3.875	1.72916666667	6.85416666667	5.16666666667	2.66666666667	1.4375	10.5625	3.47916666667	1.5	4.29166666667	2.1875	42.1875
69.0408163265	54.6595744681	3.17021276596	29.8723404255	17.6382978723	0.0212765957447	0.63829787234	4.23404255319	4.14893617021	7.89361702128	1.78723404255	3.87234042553	6.40425531915	6.63829787234	1.53191489362	2.53191489362	3.3829787234	1.44680851064	1.87234042553	10.085106383	15.8936170213
49.8163265306	40.5333333333	1.73333333333	7.11111111111	2.62222222222	1.22222222222	3.57777777778	3.71111111111	6.66666666667	10.0222222222	5.04444444444	10.0888888889	2.4	9.88888888889	2.57777777778	7.4	2.73333333333	3.4	1.84444444444	3.91111111111	22.3777777778
66.2448979592	37.3617021277	0.829787234043	7.63829787234	4.1914893617	0.574468085106	0.617021276596	14.2978723404	4.23404255319	7.0	4.72340425532	10.3191489362	5.76595744681	6.93617021277	4.76595744681	5.6170212766	3.72340425532	4.36170212766	0.829787234043	3.48936170213	25.5531914894
48.9387755102	21.5714285714	0.642857142857	1.54761904762	2.42857142857	4.61904761905	4.80952380952	2.59523809524	0.0238095238095	22.0952380952	2.33333333333	6.80952380952	2.16666666667	28.3333333333	25.0952380952	9.71428571429	12.7857142857	0.761904761905	0.761904761905	1.52380952381	8.42857142857
38.4693877551	50.3953488372	3.74418604651	19.0697674419	6.74418604651	0.860465116279	3.23255813953	3.79069767442	5.04651162791	1.20930232558	6.09302325581	6.51162790698	3.18604651163	3.97674418605	3.44186046512	5.88372093023	3.0	3.04651162791	1.27906976744	11.5348837209	10.5813953488
63.8367346939	70.1666666667	7.95833333333	40.6041666667	22.0	0.416666666667	0.729166666667	6.1875	0.875	2.5625	2.97916666667	1.9375	5.72916666667	2.8125	0.208333333333	0.0208333333333	1.16666666667	4.27083333333	1.08333333333	9.125	5.875
33.7551020408	51.1538461538	3.38461538462	16.7435897436	15.1282051282	0.641025641026	3.84615384615	2.61538461538	5.12820512821	9.58974358974	2.97435897436	5.84615384615	6.35897435897	6.17948717949	2.28205128205	7.58974358974	2.61538461538	0.897435897436	0.487179487179	7.5641025641	11.6923076923
40.0816326531	42.7906976744	1.04651162791	2.41860465116	0.0	0.0	2.72093023256	15.8604651163	3.18604651163	3.67441860465	4.41860465116	11.5348837209	5.93023255814	1.62790697674	1.39534883721	2.23255813953	0.813953488372	6.16279069767	1.13953488372	2.72093023256	23.0697674419
49.2448979592	33.0	0.744186046512	1.13953488372	2.3488372093	0.0	1.86046511628	1.51162790698	3.79069767442	8.86046511628	9.48837209302	5.41860465116	2.20930232558	9.53488372093	2.93023255814	3.55813953488	8.88372093023	7.13953488372	3.13953488372	2.09302325581	26.1162790698
74.8571428571	24.5208333333	6.14583333333	0.333333333333	0.0208333333333	2.875	7.125	4.91666666667	2.9375	9.20833333333	28.6041666667	7.77083333333	5.83333333333	9.33333333333	4.5625	1.4375	11.7708333333	2.35416666667	2.08333333333	3.04166666667	9.14583333333
70.2448979592	34.9583333333	2.97916666667	8.8125	1.3125	2.29166666667	2.85416666667	1.41666666667	2.64583333333	13.6041666667	9.60416666667	11.1875	6.66666666667	10.9166666667	3.14583333333	7.625	4.8125	2.27083333333	4.64583333333	5.33333333333	30.0416666667
74.1428571429	28.7446808511	4.25531914894	6.8085106383	5.65957446809	3.68085106383	3.72340425532	5.10638297872	8.51063829787	8.59574468085	5.10638297872	9.82978723404	6.76595744681	12.6595744681	5.04255319149	10.9787234043	3.51063829787	0.808510638298	12.2340425532	5.06382978723	19.6595744681
91.0612244898	16.8125	1.375	0.854166666667	0.0208333333333	8.41666666667	36.0208333333	18.7708333333	0.0208333333333	17.75	9.125	6.64583333333	9.79166666667	13.2916666667	6.22916666667	9.39583333333	14.4166666667	2.47916666667	0.604166666667	0.0208333333333	11.0625
16.2653061224	32.56	2.36	3.08	3.24	0.28	5.32	6.96	0.0	10.16	4.04	2.6	13.96	8.36	6.0	15.72	2.0	4.08	5.8	7.08	10.44
60.1224489796	50.2765957447	0.0212765957447	19.3829787234	8.10638297872	1.72340425532	3.10638297872	3.55319148936	4.89361702128	4.78723404255	3.53191489362	4.12765957447	7.23404255319	5.55319148936	2.82978723404	3.76595744681	2.65957446809	3.06382978723	1.3829787234	14.2127659574	15.4680851064
80.5918367347	24.2244897959	0.408163265306	11.612244898	8.10204081633	1.59183673469	3.4693877551	1.10204081633	6.69387755102	26.1428571429	5.20408163265	4.75510204082	4.5306122449	23.612244898	18.7755102041	9.95918367347	15.1428571429	0.816326530612	2.0	3.42857142857	11.2244897959
49.8979591837	35.8636363636	1.0	6.20454545455	4.79545454545	0.386363636364	2.56818181818	3.11363636364	5.11363636364	6.79545454545	3.52272727273	7.04545454545	2.15909090909	7.36363636364	1.93181818182	4.02272727273	6.52272727273	4.31818181818	4.79545454545	3.97727272727	9.56818181818
40.6734693878	35.3488372093	2.86046511628	7.79069767442	3.86046511628	3.44186046512	3.04651162791	6.27906976744	3.79069767442	18.4651162791	4.39534883721	4.48837209302	5.37209302326	10.6976744186	11.1860465116	5.46511627907	12.976744186	1.0	0.744186046512	1.41860465116	13.976744186
41.8163265306	33.4871794872	0.25641025641	5.79487179487	0.0	0.0	1.76923076923	5.58974358974	3.5641025641	7.33333333333	9.20512820513	12.1538461538	4.94871794872	3.28205128205	1.92307692308	5.84615384615	3.69230769231	1.46153846154	0.179487179487	0.923076923077	36.1025641026
77.2244897959	24.3404255319	5.10638297872	2.02127659574	0.787234042553	13.1914893617	6.1914893617	6.89361702128	0.297872340426	21.1276595745	4.87234042553	4.55319148936	12.7446808511	15.8085106383	8.12765957447	8.72340425532	19.0	1.27659574468	2.31914893617	1.08510638298	10.1914893617
65.2448979592	40.7959183673	5.04081632653	7.24489795918	1.79591836735	0.775510204082	0.571428571429	7.57142857143	11.0816326531	9.69387755102	7.04081632653	9.34693877551	3.91836734694	11.5918367347	1.57142857143	5.20408163265	5.97959183673	4.73469387755	5.63265306122	4.67346938776	15.8367346939
77.3265306122	19.4479166667	0.40625	0.333333333333	0.0	10.0833333333	27.1666666667	9.91666666667	1.70833333333	17.0520833333	9.48958333333	6.90625	6.41666666667	12.84375	7.84375	5.39583333333	16.6666666667	1.10416666667	0.791666666667	0.895833333333	11.5416666667
83.2040816327	23.9583333333	0.0208333333333	5.29166666667	3.47916666667	0.875	6.6875	6.41666666667	3.8125	17.9791666667	11.6875	9.45833333333	6.08333333333	9.77083333333	5.54166666667	5.875	4.3125	2.22916666667	4.95833333333	1.6875	35.6041666667
43.4489795918	49.3571428571	5.2380952381	14.380952381	6.2380952381	3.0	4.2380952381	10.6904761905	3.64285714286	7.95238095238	8.33333333333	0.738095238095	5.69047619048	7.71428571429	4.83333333333	2.97619047619	3.90476190476	0.785714285714	1.64285714286	7.88095238095	10.0476190476
70.0408163265	34.1649484536	1.03092783505	10.0927835052	4.9587628866	0.546391752577	0.948453608247	4.0206185567	7.94845360825	7.21649484536	9.43298969072	12.2783505155	4.63917525773	9.03092783505	1.88659793814	7.44329896907	3.81443298969	5.23711340206	3.53608247423	2.41237113402	29.9896907216
89.4081632653	15.3265306122	3.4693877551	1.10204081633	0.142857142857	11.5306122449	7.26530612245	8.36734693878	1.61224489796	14.7551020408	23.5714285714	9.16326530612	7.08163265306	20.9183673469	5.51020408163	16.6326530612	14.1428571429	3.26530612245	3.10204081633	0.224489795918	19.8163265306
15.2040816327	39.0	2.71428571429	2.89285714286	4.32142857143	4.53571428571	5.39285714286	6.53571428571	5.46428571429	13.0357142857	3.42857142857	7.64285714286	9.39285714286	12.4285714286	11.6071428571	5.89285714286	2.35714285714	2.60714285714	4.85714285714	3.21428571429	10.25
68.5306122449	49.5	1.58695652174	22.2826086957	20.8913043478	0.0217391304348	1.34782608696	3.86956521739	9.26086956522	11.5652173913	5.97826086957	8.71739130435	3.71739130435	3.30434782609	0.0217391304348	2.91304347826	3.4347826087	3.0	6.52173913043	12.6956521739	22.7608695652
63.3265306122	66.1914893617	8.85106382979	40.085106383	18.8510638298	0.0212765957447	1.27659574468	5.70212765957	4.70212765957	4.51063829787	0.340425531915	2.8085106383	13.914893617	1.44680851064	0.595744680851	2.63829787234	0.723404255319	0.0851063829787	1.65957446809	19.085106383	6.65957446809
80.1224489796	39.1020408163	10.8367346939	9.44897959184	0.979591836735	0.387755102041	1.73469387755	6.04081632653	2.36734693878	12.1224489796	16.693877551	3.67346938776	9.95918367347	12.4897959184	7.28571428571	1.59183673469	5.63265306122	5.24489795918	0.918367346939	1.34693877551	10.0408163265
63.693877551	44.1063829787	0.0212765957447	8.72340425532	8.6170212766	0.765957446809	1.63829787234	3.57446808511	8.25531914894	5.23404255319	5.89361702128	5.72340425532	4.51063829787	10.8936170213	6.48936170213	5.0	1.68085106383	5.8085106383	2.74468085106	5.78723404255	13.4680851064
42.612244898	54.575	1.15	19.1	3.075	0.0	0.55	5.175	0.775	5.175	1.25	4.375	3.525	4.325	6.125	0.925	0.625	3.7	1.575	22.7	17.825
53.1428571429	47.2926829268	6.29268292683	25.9024390244	3.60975609756	0.0	0.90243902439	7.34146341463	3.07317073171	7.21951219512	0.560975609756	3.60975609756	4.26829268293	8.17073170732	5.17073170732	5.19512195122	2.87804878049	2.21951219512	0.951219512195	10.1951219512	3.09756097561
69.2040816327	60.1914893617	4.27659574468	29.4468085106	8.65957446809	0.0	0.0	3.42553191489	6.25531914894	2.8085106383	2.08510638298	3.29787234043	4.44680851064	4.89361702128	3.46808510638	4.25531914894	0.191489361702	2.55319148936	7.48936170213	9.27659574468	17.2978723404
70.0816326531	50.0612244898	1.30612244898	24.0816326531	8.81632653061	1.02040816327	0.979591836735	4.75510204082	8.65306122449	5.10204081633	1.02040816327	12.5510204082	4.22448979592	4.28571428571	1.36734693878	4.75510204082	1.75510204082	0.122448979592	3.18367346939	2.0	36.5918367347
68.0816326531	61.0638297872	0.489361702128	34.7021276596	20.0212765957	0.0212765957447	0.808510638298	8.3829787234	9.68085106383	9.02127659574	1.78723404255	4.1914893617	4.12765957447	2.6170212766	0.127659574468	3.36170212766	2.65957446809	3.1914893617	1.68085106383	10.0638297872	18.3191489362
41.612244898	38.7105263158	1.23684210526	5.18421052632	1.15789473684	0.263157894737	1.73684210526	1.5	4.52631578947	5.34210526316	0.684210526316	9.63157894737	3.34210526316	7.0	4.5	6.73684210526	5.34210526316	1.84210526316	0.947368421053	2.84210526316	26.9473684211
57.8367346939	51.5777777778	10.9111111111	31.2444444444	12.4888888889	1.17777777778	0.0222222222222	3.82222222222	1.75555555556	11.2	1.02222222222	1.95555555556	8.64444444444	8.75555555556	4.86666666667	1.53333333333	5.53333333333	1.93333333333	1.51111111111	5.04444444444	10.2666666667
74.8775510204	79.1875	14.9375	58.0	39.9375	0.333333333333	0.125	8.52083333333	6.47916666667	4.0625	1.0625	3.3125	6.25	0.770833333333	0.479166666667	0.145833333333	0.125	0.458333333333	1.5625	8.85416666667	9.72916666667
11.6530612245	44.5454545455	0.0	3.77272727273	0.318181818182	4.13636363636	6.68181818182	4.59090909091	5.36363636364	8.36363636364	4.72727272727	3.68181818182	5.54545454545	9.72727272727	9.22727272727	9.04545454545	2.59090909091	4.54545454545	3.45454545455	0.181818181818	11.3636363636
74.9183673469	54.4166666667	0.416666666667	22.7916666667	7.8125	0.0208333333333	0.291666666667	1.64583333333	7.72916666667	2.64583333333	1.04166666667	13.375	2.27083333333	2.10416666667	0.645833333333	7.79166666667	0.416666666667	0.291666666667	0.729166666667	8.77083333333	37.0625
27.7551020408	51.6756756757	2.35135135135	6.75675675676	0.675675675676	0.702702702703	2.97297297297	9.43243243243	3.40540540541	4.75675675676	2.37837837838	4.37837837838	11.0810810811	7.37837837838	0.918918918919	5.05405405405	0.135135135135	8.43243243243	3.18918918919	3.72972972973	21.4054054054
68.6530612245	56.1666666667	11.375	10.0833333333	1.41666666667	0.541666666667	3.47916666667	6.64583333333	2.14583333333	4.04166666667	11.8958333333	4.25	11.5416666667	11.375	5.60416666667	4.0	2.875	4.375	0.895833333333	0.8125	8.22916666667
46.1836734694	30.1219512195	2.0	12.3658536585	0.341463414634	1.85365853659	2.82926829268	2.63414634146	1.51219512195	13.3658536585	3.53658536585	6.46341463415	10.4146341463	17.756097561	11.243902439	12.6585365854	5.85365853659	4.9756097561	1.36585365854	10.8536585366	8.80487804878
50.8571428571	43.5	0.0	9.52272727273	2.38636363636	0.0	0.272727272727	6.36363636364	5.11363636364	4.56818181818	2.31818181818	9.36363636364	5.20454545455	8.81818181818	0.386363636364	6.31818181818	4.22727272727	3.72727272727	1.15909090909	10.8636363636	29.7045454545
76.8571428571	48.9166666667	2.29166666667	21.9583333333	11.6666666667	0.1875	0.583333333333	9.79166666667	3.125	9.5	6.85416666667	7.35416666667	5.04166666667	3.22916666667	1.5	1.95833333333	5.27083333333	1.5625	4.79166666667	9.0	22.375
54.5102040816	34.5952380952	3.66666666667	7.80952380952	5.78571428571	0.047619047619	0.0952380952381	6.52380952381	3.09523809524	16.0238095238	6.2619047619	7.16666666667	6.33333333333	12.1666666667	9.11904761905	14.7380952381	8.04761904762	1.69047619048	0.261904761905	4.28571428571	17.4285714286
52.1632653061	39.2380952381	1.09523809524	7.21428571429	0.0238095238095	0.0952380952381	1.21428571429	10.4285714286	4.2619047619	7.33333333333	5.2619047619	9.09523809524	7.07142857143	14.0238095238	4.71428571429	5.2380952381	3.80952380952	5.7619047619	3.57142857143	3.09523809524	25.2142857143
82.9591836735	14.1428571429	0.0204081632653	1.44897959184	0.0204081632653	2.69387755102	4.0	3.40816326531	0.142857142857	33.8367346939	3.20408163265	7.12244897959	7.77551020408	28.6326530612	24.2857142857	10.6530612245	27.0612244898	0.979591836735	1.65306122449	0.244897959184	10.5714285714
64.1428571429	36.0	6.51063829787	3.91489361702	2.6170212766	3.78723404255	10.1914893617	8.23404255319	0.170212765957	9.68085106383	8.78723404255	0.723404255319	7.57446808511	9.6170212766	5.0	3.48936170213	7.70212765957	1.40425531915	2.25531914894	0.0212765957447	5.08510638298
29.3673469388	59.8153846154	16.2153846154	28.2	5.46153846154	0.538461538462	2.63076923077	6.27692307692	5.04615384615	3.23076923077	5.93846153846	2.56923076923	7.15384615385	4.76923076923	1.95384615385	2.93846153846	0.0923076923077	3.35384615385	4.01538461538	5.33846153846	8.86153846154
63.6734693878	60.3958333333	2.85416666667	32.8958333333	16.6666666667	1.58333333333	2.625	5.4375	6.39583333333	7.6875	4.79166666667	4.72916666667	4.02083333333	6.375	2.0625	1.625	3.5	1.4375	2.45833333333	11.5	12.0208333333
84.2448979592	36.5510204082	10.2244897959	14.8571428571	0.367346938776	2.12244897959	1.48979591837	5.32653061224	1.77551020408	6.20408163265	44.8571428571	2.75510204082	16.7755102041	3.55102040816	2.67346938776	2.75510204082	1.42857142857	6.89795918367	0.142857142857	0.428571428571	12.6734693878
62.3673469388	73.7608695652	34.2608695652	52.9347826087	6.39130434783	0.0217391304348	0.782608695652	5.4347826087	4.39130434783	2.0	2.65217391304	2.5	12.4130434783	2.0652173913	0.0217391304348	0.0217391304348	0.826086956522	2.80434782609	1.39130434783	5.65217391304	3.08695652174
59.4285714286	48.7346938776	1.0	16.7142857143	11.9387755102	1.18367346939	2.20408163265	6.57142857143	4.73469387755	7.20408163265	6.63265306122	4.02040816327	7.71428571429	5.0612244898	12.3469387755	1.61224489796	1.73469387755	2.67346938776	5.73469387755	11.2448979592	13.2653061224
73.7551020408	25.5625	3.64583333333	5.33333333333	0.583333333333	0.0208333333333	2.52083333333	4.83333333333	2.3125	24.2291666667	7.0625	9.10416666667	5.20833333333	14.5	9.58333333333	4.52083333333	3.35416666667	3.3125	3.875	0.375	20.7291666667
57.693877551	32.7872340426	0.0425531914894	3.48936170213	4.06382978723	3.25531914894	2.14893617021	9.42553191489	3.36170212766	5.68085106383	6.31914893617	5.36170212766	4.1914893617	10.1063829787	0.31914893617	2.1914893617	12.4893617021	3.59574468085	2.85106382979	0.531914893617	22.7659574468
53.6326530612	32.9090909091	2.36363636364	10.4090909091	0.590909090909	2.5	1.56818181818	7.09090909091	2.25	11.8409090909	7.72727272727	4.20454545455	6.34090909091	13.6136363636	8.36363636364	1.52272727273	9.20454545455	3.56818181818	1.0	0.522727272727	13.2727272727
62.1836734694	32.5869565217	5.89130434783	12.2391304348	1.34782608696	0.5	1.45652173913	2.5	5.36956521739	3.52173913043	9.82608695652	3.95652173913	5.17391304348	13.347826087	3.97826086957	8.19565217391	7.80434782609	7.52173913043	4.84782608696	1.0	12.7391304348
77.4081632653	19.8125	6.1875	2.52083333333	0.0208333333333	5.58333333333	5.70833333333	3.5625	0.875	12.2916666667	29.7291666667	8.20833333333	6.6875	16.9375	8.64583333333	8.29166666667	15.1666666667	1.83333333333	2.22916666667	0.0208333333333	14.0208333333
41.612244898	46.7142857143	15.4523809524	4.42857142857	0.0	0.0	6.28571428571	8.57142857143	2.45238095238	5.71428571429	6.40476190476	3.30952380952	7.83333333333	9.88095238095	5.04761904762	0.571428571429	2.47619047619	3.35714285714	0.190476190476	2.09523809524	3.07142857143
77.612244898	23.7916666667	5.5625	11.8541666667	2.35416666667	3.02083333333	7.08333333333	6.04166666667	1.79166666667	17.2916666667	12.2083333333	11.3125	4.52083333333	10.5625	2.29166666667	6.0	5.25	2.27083333333	3.14583333333	2.0	23.0416666667
15.0	45.5714285714	1.61904761905	9.71428571429	1.42857142857	0.0	2.57142857143	6.61904761905	11.8095238095	3.09523809524	10.1904761905	4.47619047619	4.38095238095	13.8095238095	2.19047619048	1.28571428571	3.47619047619	3.71428571429	5.57142857143	2.33333333333	7.09523809524
28.7346938776	41.5	7.15625	7.5	0.0	2.46875	2.59375	3.25	9.71875	11.71875	5.9375	6.65625	6.75	7.71875	2.46875	20.125	8.9375	0.0	0.0	4.34375	8.28125
85.693877551	22.1666666667	4.45833333333	4.125	0.0208333333333	6.04166666667	17.6875	8.66666666667	0.5	12.875	37.4166666667	7.10416666667	14.9583333333	11.0833333333	4.0625	7.5625	14.2708333333	9.0625	1.1875	1.5625	8.9375
44.1836734694	45.9302325581	0.0232558139535	9.39534883721	7.44186046512	1.09302325581	1.51162790698	5.09302325581	6.16279069767	9.97674418605	0.53488372093	4.25581395349	4.88372093023	8.62790697674	3.11627906977	2.72093023256	3.67441860465	3.76744186047	6.74418604651	6.13953488372	15.0465116279
67.6326530612	35.2708333333	0.0833333333333	6.66666666667	2.1875	1.08333333333	3.5	5.375	6.54166666667	10.2291666667	1.6875	13.5625	4.97916666667	7.1875	3.97916666667	9.45833333333	4.625	1.1875	4.5	3.83333333333	28.0833333333
90.1836734694	4.29166666667	0.0416666666667	1.22916666667	1.47916666667	10.3541666667	8.375	5.91666666667	3.08333333333	34.3333333333	6.79166666667	9.14583333333	4.89583333333	13.875	13.5208333333	11.9583333333	50.9375	2.10416666667	2.0	1.04166666667	8.29166666667
15.4897959184	50.8	1.0	15.08	5.12	0.0	1.2	2.2	4.84	19.84	3.72	2.56	6.88	12.04	7.6	3.04	2.6	0.0	0.0	9.96	15.08
57.4489795918	41.9555555556	0.0444444444444	5.55555555556	4.0	3.44444444444	1.97777777778	6.71111111111	5.91111111111	6.6	4.64444444444	9.71111111111	3.06666666667	3.06666666667	1.62222222222	6.37777777778	2.35555555556	4.73333333333	6.02222222222	3.13333333333	30.1333333333
70.8367346939	60.6041666667	17.5416666667	33.2916666667	3.45833333333	0.375	3.10416666667	12.3541666667	2.10416666667	2.8125	7.10416666667	2.1875	8.47916666667	3.83333333333	0.875	1.52083333333	2.5625	3.45833333333	2.6875	4.10416666667	3.9375
70.8571428571	68.7916666667	13.125	38.6875	17.75	0.0208333333333	2.5625	7.83333333333	3.58333333333	0.833333333333	1.16666666667	0.5625	10.0208333333	4.47916666667	0.0208333333333	0.0208333333333	1.04166666667	3.41666666667	0.6875	10.7708333333	8.60416666667
60.2653061224	74.7916666667	4.11458333333	55.3020833333	36.9791666667	0.0208333333333	0.0104166666667	1.375	5.44791666667	7.29166666667	0.104166666667	3.02083333333	7.76041666667	0.541666666667	0.239583333333	0.15625	1.07291666667	0.0416666666667	1.21875	16.4270833333	8.4375
51.8775510204	49.6829268293	1.29268292683	12.0731707317	7.60975609756	1.82926829268	1.39024390244	2.80487804878	3.73170731707	7.56097560976	2.82926829268	2.63414634146	6.12195121951	5.78048780488	1.82926829268	3.34146341463	0.90243902439	1.80487804878	18.4146341463	14.7073170732	8.90243902439
54.7959183673	45.6	0.977777777778	6.17777777778	2.35555555556	0.622222222222	0.933333333333	9.55555555556	4.02222222222	5.02222222222	4.44444444444	7.6	5.44444444444	1.68888888889	1.95555555556	4.15555555556	0.933333333333	4.35555555556	4.66666666667	4.66666666667	26.4222222222
80.6530612245	19.2291666667	0.145833333333	1.79166666667	0.333333333333	11.0833333333	15.875	13.5208333333	4.35416666667	22.2291666667	6.4375	5.77083333333	5.77083333333	10.7708333333	8.0625	14.1875	18.5	0.208333333333	0.479166666667	0.458333333333	16.7708333333
56.2653061224	53.7333333333	1.11111111111	27.7333333333	17.2222222222	0.0222222222222	1.57777777778	2.4	3.02222222222	2.82222222222	1.86666666667	3.06666666667	3.57777777778	3.88888888889	0.755555555556	2.42222222222	4.64444444444	2.55555555556	2.51111111111	5.2	14.6222222222
49.5918367347	29.1578947368	0.0263157894737	1.36842105263	0.0263157894737	0.342105263158	0.315789473684	9.73684210526	9.07894736842	7.65789473684	6.47368421053	15.0789473684	5.55263157895	11.8947368421	8.28947368421	14.1578947368	4.78947368421	2.81578947368	0.710526315789	0.0263157894737	31.1315789474
54.6530612245	43.0	1.97777777778	10.6666666667	10.3555555556	0.8	0.0888888888889	5.86666666667	5.71111111111	16.9111111111	4.42222222222	7.37777777778	1.77777777778	9.08888888889	3.31111111111	4.17777777778	3.02222222222	7.91111111111	10.3777777778	2.84444444444	15.5111111111
87.5306122449	17.7346938776	4.73469387755	2.18367346939	1.36734693878	12.1020408163	8.04081632653	4.14285714286	2.36734693878	14.612244898	31.693877551	3.36734693878	7.14285714286	8.36734693878	8.14285714286	5.30612244898	22.9183673469	0.836734693878	0.265306122449	0.0204081632653	9.44897959184
63.4897959184	39.7608695652	3.76086956522	11.2826086957	15.1739130435	3.80434782609	5.54347826087	5.69565217391	2.19565217391	13.7608695652	7.19565217391	5.54347826087	6.63043478261	11.0434782609	11.0869565217	7.82608695652	4.76086956522	2.41304347826	2.52173913043	2.63043478261	15.8913043478
51.4489795918	72.2222222222	9.46666666667	48.5555555556	32.3777777778	0.0	0.0	7.53333333333	5.57777777778	4.06666666667	1.11111111111	1.44444444444	11.0888888889	1.62222222222	1.28888888889	0.711111111111	1.91111111111	1.73333333333	4.31111111111	11.9111111111	8.53333333333
85.2653061224	32.4897959184	9.42857142857	11.0816326531	0.244897959184	1.67346938776	2.51020408163	4.22448979592	4.34693877551	10.8367346939	19.387755102	11.0408163265	5.73469387755	15.5102040816	5.24489795918	8.24489795918	10.2448979592	16.2244897959	2.16326530612	0.408163265306	14.6734693878
81.8571428571	26.8775510204	3.48979591837	6.97959183673	2.77551020408	4.24489795918	7.95918367347	1.73469387755	0.102040816327	12.5102040816	14.6734693878	6.02040816327	11.1428571429	17.8979591837	10.8163265306	13.9591836735	10.3265306122	4.10204081633	0.673469387755	3.20408163265	13.4081632653
90.4285714286	49.8775510204	0.0612244897959	3.40816326531	1.65306122449	1.08163265306	2.40816326531	9.32653061224	14.1020408163	4.16326530612	0.122448979592	11.9795918367	8.44897959184	4.20408163265	0.0204081632653	14.306122449	0.734693877551	1.51020408163	4.85714285714	3.55102040816	42.7346938776
83.6734693878	56.8775510204	1.02040816327	15.4897959184	2.28571428571	0.285714285714	0.673469387755	7.14285714286	18.4081632653	2.04081632653	1.9387755102	8.16326530612	5.69387755102	0.571428571429	0.163265306122	2.65306122449	0.489795918367	0.591836734694	7.10204081633	6.42857142857	33.0408163265
81.1632653061	54.6734693878	2.83673469388	14.5510204082	2.08163265306	0.469387755102	0.244897959184	11.5714285714	14.6734693878	3.97959183673	2.51020408163	10.5510204082	2.61224489796	2.08163265306	0.612244897959	7.24489795918	1.63265306122	0.734693877551	5.48979591837	6.55102040816	39.6530612245
57.5408163265	60.2173913043	1.45652173913	15.3369565217	3.42391304348	0.608695652174	1.25	14.4456521739	7.27173913043	4.19565217391	3.95652173913	7.47826086957	7.34782608696	2.04347826087	0.0869565217391	2.57608695652	3.66304347826	12.347826087	8.28260869565	7.66304347826	16.2826086957
67.7142857143	49.6808510638	3.10638297872	23.170212766	12.7872340426	0.0212765957447	2.14893617021	2.93617021277	1.78723404255	8.12765957447	1.87234042553	7.85106382979	3.59574468085	5.78723404255	4.48936170213	3.04255319149	4.44680851064	7.6170212766	3.14893617021	5.31914893617	21.2340425532
85.1836734694	78.4081632653	0.795918367347	42.4897959184	7.5306122449	0.0204081632653	0.0204081632653	11.7346938776	12.9183673469	1.85714285714	0.714285714286	1.36734693878	3.77551020408	0.69387755102	0.591836734694	0.0204081632653	0.857142857143	1.08163265306	3.61224489796	5.9387755102	8.81632653061
72.6530612245	49.5918367347	0.0204081632653	8.12244897959	1.67346938776	0.0204081632653	0.816326530612	11.2653061224	11.5510204082	5.30612244898	2.71428571429	8.89795918367	10.9183673469	2.02040816327	0.448979591837	8.44897959184	3.79591836735	12.0612244898	10.306122449	7.89795918367	31.8775510204
72.1836734694	53.8163265306	22.7551020408	29.2244897959	4.26530612245	2.48979591837	2.26530612245	15.9387755102	0.571428571429	6.40816326531	3.28571428571	4.38775510204	13.0	8.04081632653	4.28571428571	3.67346938776	4.63265306122	0.959183673469	3.02040816327	5.95918367347	6.73469387755
51.4693877551	37.4285714286	0.261904761905	6.04761904762	2.2380952381	0.190476190476	1.90476190476	5.69047619048	1.47619047619	18.8571428571	5.07142857143	4.02380952381	4.57142857143	8.90476190476	8.35714285714	3.80952380952	4.95238095238	5.61904761905	1.52380952381	3.47619047619	11.1904761905
79.2448979592	26.8775510204	2.0	6.95918367347	1.91836734694	5.24489795918	2.34693877551	5.4693877551	2.12244897959	10.9387755102	5.26530612245	10.7959183673	4.18367346939	19.4285714286	9.0	13.306122449	14.8571428571	3.67346938776	2.57142857143	3.63265306122	18.1836734694
22.4693877551	44.7014925373	1.28358208955	9.26865671642	3.41791044776	1.41791044776	4.11940298507	3.10447761194	3.58208955224	9.22388059701	6.31343283582	6.67164179104	6.29850746269	9.49253731343	5.92537313433	7.97014925373	2.08955223881	3.97014925373	1.70149253731	6.79104477612	9.64179104478
82.9183673469	44.5918367347	1.4693877551	17.7551020408	12.4081632653	0.34693877551	0.857142857143	11.0816326531	6.57142857143	8.69387755102	4.22448979592	16.3673469388	7.20408163265	5.30612244898	4.30612244898	9.55102040816	2.30612244898	3.95918367347	5.10204081633	15.387755102	26.2040816327
63.4081632653	24.4782608696	5.26086956522	3.95652173913	2.34782608696	4.80434782609	9.5652173913	10.2173913043	2.67391304348	10.9347826087	8.36956521739	4.21739130435	6.78260869565	12.8695652174	10.0	10.5869565217	5.19565217391	2.71739130435	0.521739130435	0.652173913043	13.4347826087
75.6734693878	19.3541666667	1.625	0.0208333333333	0.0208333333333	6.27083333333	10.6875	6.29166666667	2.5625	10.7291666667	31.5208333333	7.54166666667	6.70833333333	12.7708333333	9.54166666667	7.4375	7.89583333333	3.83333333333	3.54166666667	0.520833333333	15.6458333333
26.2244897959	57.6315789474	2.42105263158	21.5789473684	6.65789473684	1.52631578947	5.02631578947	5.07894736842	2.13157894737	6.05263157895	4.07894736842	2.55263157895	7.68421052632	6.73684210526	6.28947368421	4.55263157895	2.65789473684	0.394736842105	3.28947368421	11.1315789474	4.5
39.4081632653	46.0256410256	0.794871794872	7.84615384615	3.07692307692	1.53846153846	2.97435897436	4.87179487179	2.97435897436	5.07692307692	2.53846153846	6.33333333333	3.87179487179	9.07692307692	2.20512820513	1.33333333333	1.17948717949	5.46153846154	5.51282051282	6.05128205128	22.9230769231
70.8979591837	59.125	2.10416666667	16.4166666667	8.16666666667	0.0	3.08333333333	6.45833333333	3.83333333333	6.1875	3.5625	4.25	3.10416666667	8.04166666667	1.5	3.1875	2.22916666667	5.85416666667	9.97916666667	15.1458333333	22.6875
27.8775510204	57.5833333333	12.0277777778	25.0277777778	6.77777777778	0.0	0.777777777778	9.02777777778	3.44444444444	4.41666666667	7.27777777778	1.88888888889	7.66666666667	0.138888888889	0.0	0.555555555556	2.61111111111	4.47222222222	0.194444444444	7.66666666667	6.11111111111
39.5918367347	58.25	5.43181818182	27.9772727273	2.04545454545	0.522727272727	0.931818181818	19.9090909091	7.31818181818	3.86363636364	4.31818181818	1.70454545455	5.34090909091	3.04545454545	1.04545454545	2.29545454545	0.522727272727	2.09090909091	0.727272727273	5.43181818182	9.54545454545
65.693877551	52.1777777778	3.8	20.0	9.6	0.355555555556	0.888888888889	6.37777777778	3.73333333333	8.71111111111	3.6	2.8	5.26666666667	7.24444444444	3.71111111111	3.42222222222	2.68888888889	4.28888888889	2.42222222222	9.55555555556	18.7777777778
45.4897959184	53.425	3.925	28.375	8.3	0.45	2.925	4.25	3.85	5.475	1.2	1.1	5.35	6.3	2.025	3.7	3.525	2.6	1.525	14.4	9.425
68.5714285714	61.8695652174	4.82608695652	22.4782608696	16.4782608696	0.0217391304348	2.17391304348	10.0	5.0	4.02173913043	4.67391304348	7.5652173913	3.08695652174	6.41304347826	0.652173913043	2.84782608696	1.10869565217	3.45652173913	5.80434782609	8.26086956522	18.3913043478
9.32653061224	54.8846153846	5.61538461538	11.6153846154	5.30769230769	0.730769230769	1.03846153846	0.423076923077	1.42307692308	8.53846153846	8.26923076923	0.615384615385	7.46153846154	5.61538461538	2.11538461538	2.76923076923	4.42307692308	4.65384615385	0.0	6.0	6.38461538462
74.2448979592	65.5714285714	1.0612244898	20.4897959184	14.4897959184	0.0408163265306	0.0408163265306	4.55102040816	11.2857142857	10.9183673469	0.530612244898	11.0	5.87755102041	1.04081632653	0.0408163265306	8.81632653061	0.816326530612	1.87755102041	4.69387755102	11.4285714286	38.2653061224
73.3469387755	28.8571428571	1.08163265306	4.28571428571	3.22448979592	1.20408163265	0.775510204082	3.91836734694	5.51020408163	16.8163265306	6.85714285714	11.6530612245	5.75510204082	17.3265306122	10.8163265306	6.04081632653	5.5306122449	5.0	2.30612244898	1.59183673469	17.9183673469
7.20408163265	38.125	0.541666666667	6.91666666667	2.58333333333	0.833333333333	2.91666666667	0.458333333333	9.5	8.20833333333	5.70833333333	3.25	0.625	14.0416666667	5.79166666667	1.41666666667	10.3333333333	2.45833333333	0.0	5.375	6.25
90.8979591837	18.2346938776	1.39795918367	0.448979591837	0.459183673469	1.0	1.31632653061	6.5306122449	0.969387755102	18.3163265306	12.8775510204	13.6734693878	8.92857142857	13.7040816327	7.35714285714	11.7857142857	11.8163265306	10.9489795918	1.11224489796	0.214285714286	28.9693877551
73.693877551	46.7291666667	12.375	26.2708333333	10.8125	0.0	1.10416666667	18.2916666667	2.41666666667	9.20833333333	3.08333333333	1.39583333333	7.875	10.7708333333	6.4375	3.27083333333	6.60416666667	1.3125	1.5625	7.6875	11.4166666667
60.9387755102	48.6382978723	0.829787234043	19.4893617021	5.68085106383	0.0212765957447	1.68085106383	7.68085106383	2.95744680851	6.1914893617	3.97872340426	4.48936170213	9.6170212766	6.65957446809	2.72340425532	6.51063829787	2.42553191489	0.936170212766	7.89361702128	8.55319148936	25.6170212766
4.81632653061	39.6538461538	1.03846153846	1.30769230769	0.230769230769	1.15384615385	2.76923076923	4.69230769231	7.46153846154	7.84615384615	4.15384615385	2.03846153846	1.61538461538	5.92307692308	7.76923076923	3.34615384615	0.0769230769231	2.30769230769	8.19230769231	1.26923076923	7.19230769231
71.5714285714	41.8163265306	3.83673469388	16.9387755102	18.8775510204	1.34693877551	2.4693877551	4.22448979592	8.61224489796	16.7755102041	1.4693877551	6.48979591837	1.36734693878	3.30612244898	3.59183673469	2.89795918367	4.48979591837	0.959183673469	5.22448979592	6.4693877551	11.3469387755
59.0816326531	65.8913043478	2.78260869565	29.4130434783	27.0652173913	0.0	0.217391304348	2.89130434783	7.89130434783	6.26086956522	1.39130434783	0.760869565217	3.67391304348	1.54347826087	1.21739130435	0.0	5.63043478261	1.04347826087	29.8043478261	13.6304347826	7.32608695652
67.0612244898	27.3958333333	1.45833333333	1.22916666667	0.291666666667	0.1875	2.625	6.66666666667	1.02083333333	19.5833333333	11.0416666667	17.125	6.89583333333	10.5	7.04166666667	4.54166666667	3.66666666667	6.10416666667	2.8125	1.27083333333	29.25
30.1224489796	41.6388888889	1.55555555556	6.63888888889	1.25	2.13888888889	1.55555555556	3.88888888889	1.30555555556	7.52777777778	1.80555555556	5.27777777778	3.44444444444	10.0277777778	3.63888888889	4.30555555556	4.80555555556	6.58333333333	7.33333333333	2.77777777778	10.8333333333
41.1632653061	50.8536585366	2.70731707317	20.9512195122	15.0	0.243902439024	0.756097560976	2.46341463415	3.19512195122	9.36585365854	3.65853658537	6.0487804878	4.46341463415	8.51219512195	1.90243902439	0.951219512195	3.65853658537	2.0	5.48780487805	6.60975609756	9.75609756098
12.8571428571	36.5483870968	1.35483870968	9.03225806452	0.0322580645161	1.38709677419	3.0	3.1935483871	5.09677419355	15.3225806452	2.32258064516	3.09677419355	3.54838709677	16.3225806452	9.06451612903	5.87096774194	1.8064516129	2.70967741935	4.96774193548	8.61290322581	11.4838709677
45.1428571429	51.1904761905	13.6666666667	18.2857142857	5.5	0.261904761905	3.64285714286	4.2619047619	1.7380952381	9.88095238095	3.09523809524	1.0	3.57142857143	3.42857142857	3.40476190476	0.619047619048	3.16666666667	4.54761904762	2.07142857143	2.7380952381	10.119047619
